L:
[1 0 0]
[49/60 1 0]
[11/30 -574/2147 1]


U:
[60 37 42]
[0 2147/60 647/10]
[0 0 70631/2147]


Product:
[60 37 42]
[49 66 99]
[22 4 31]


L:
[1 0 0]
[8/33 1 0]
[25/22 364/619 1]


U:
[66 36 93]
[0 619/11 511/11]
[0 0 -80469/1238]


Product:
[66 36 93]
[16 65 69]
[75 74 68]


L:
[1 0 0]
[5/14 1 0]
[31/49 -1490/4669 1]


U:
[98 43 39]
[0 667/14 197/14]
[0 0 5214/667]


Product:
[98 43 39]
[35 63 28]
[62 12 28]


L:
[1 0 0]
[35/51 1 0]
[49/51 -1579/1954 1]


U:
[51 52 28]
[0 1954/51 -62/51]
[0 0 -7703/977]


Product:
[51 52 28]
[35 74 18]
[49 19 20]


L:
[1 0 0]
[29/43 1 0]
[75/43 841/828 1]


U:
[43 10 48]
[0 828/43 -790/43]
[0 0 -23209/414]


Product:
[43 10 48]
[29 26 14]
[75 37 9]


L:
[1 0 0]
[23/6 1 0]
[31/12 -33/34 1]


U:
[12 6 57]
[0 -17 -393/2]
[0 0 -8499/34]


Product:
[12 6 57]
[46 6 22]
[31 32 88]


L:
[1 0 0]
[65/32 1 0]
[9/8 1324/1651 1]


U:
[32 13 46]
[0 1651/32 -663/16]
[0 0 4760/127]


Product:
[32 13 46]
[65 78 52]
[36 56 56]


L:
[1 0 0]
[41/11 1 0]
[65/11 1603/365 1]


U:
[11 25 36]
[0 -365/11 -1047/11]
[0 0 110701/365]


Product:
[11 25 36]
[41 60 39]
[65 2 98]


L:
[1 0 0]
[2 1 0]
[31/11 -171/605 1]


U:
[33 8 55]
[0 55 -77]
[0 0 -6257/55]


Product:
[33 8 55]
[66 71 33]
[93 7 63]


L:
[1 0 0]
[75/44 1 0]
[83/44 1701/1765 1]


U:
[44 47 15]
[0 -1765/44 -113/44]
[0 0 10907/1765]


Product:
[44 47 15]
[75 40 23]
[83 50 32]


